function set_color_map()
% Set a sweet blue/red colormap

blues =     [0.0314    0.1882    0.4196
    0.0314    0.3176    0.6118
    0.1294    0.4431    0.7098
    0.2588    0.5725    0.7765
    0.4196    0.6824    0.8392
    0.6196    0.7922    0.8824
    0.7765    0.8588    0.9373
    0.8706    0.9216    0.9686
    0.9686    0.9843    1.0000];

reds =    [1.0000    0.9608    0.9412
    0.9961    0.8784    0.8235
    0.9882    0.7333    0.6314
    0.9882    0.5725    0.4471
    0.9843    0.4157    0.2902
    0.9373    0.2314    0.1725
    0.7961    0.0941    0.1137
    0.6471    0.0588    0.0824
    0.4039         0    0.0510];

colormap([blues;1,1,1;reds])

end
